    100 
    0.018772     0.005079
    0.018052     0.004345
    0.017282     0.003540
    0.016460     0.002659
    0.015578     0.001697
    0.014631     0.000650
    0.013606    -0.000486
    0.012494    -0.001713
    0.011277    -0.003028
    0.009943    -0.004437
    0.008486    -0.005950
    0.006894    -0.007574
    0.005153    -0.009321
    0.003257    -0.011201
    0.001195    -0.013228
   -0.001040    -0.015419
   -0.003457    -0.017794
   -0.006059    -0.020380
   -0.008845    -0.023210
   -0.011808    -0.026325
   -0.014927    -0.029779
   -0.018165    -0.033638
   -0.021476    -0.037972
   -0.024802    -0.042650
   -0.027956    -0.047384
   -0.030913    -0.052186
   -0.033643    -0.057064
   -0.036114    -0.062025
   -0.038287    -0.067069
   -0.040121    -0.072195
   -0.041638    -0.077375
   -0.042743    -0.082609
   -0.043311    -0.087877
   -0.043147    -0.093129
   -0.041929    -0.098179
   -0.039545    -0.102749
   -0.035797    -0.106179
   -0.031105    -0.108069
   -0.026118    -0.108559
   -0.030819    -0.109873
   -0.035037    -0.111032
   -0.038828    -0.112016
   -0.042235    -0.112844
   -0.045303    -0.113514
   -0.048060    -0.114063
   -0.050536    -0.114518
   -0.052758    -0.114895
   -0.054756    -0.115178
   -0.056549    -0.115399
   -0.058160    -0.115551
   -0.059605    -0.115646
   -0.060900    -0.115710
   -0.062061    -0.115733
   -0.063101    -0.115743
   -0.064142    -0.115750
   -0.065224    -0.115729
   -0.066350    -0.115692
   -0.067519    -0.115623
   -0.068732    -0.115514
   -0.069987    -0.115342
   -0.071284    -0.115111
   -0.072613    -0.114779
   -0.073978    -0.114370
   -0.075377    -0.113881
   -0.076792    -0.113271
   -0.078198    -0.112501
   -0.079605    -0.111609
   -0.080962    -0.110531
   -0.082222    -0.109243
   -0.083333    -0.107735
   -0.084247    -0.105956
   -0.084982    -0.103722
   -0.085367    -0.100477
   -0.085291    -0.098246
   -0.084972    -0.096169
   -0.084346    -0.093795
   -0.083373    -0.091095
   -0.081995    -0.088037
   -0.080116    -0.084598
   -0.077648    -0.080739
   -0.074532    -0.076385
   -0.070595    -0.071524
   -0.065721    -0.066075
   -0.059808    -0.059908
   -0.052609    -0.052990
   -0.043981    -0.045135
   -0.033676    -0.036207
   -0.024204    -0.028344
   -0.016278    -0.021931
   -0.009655    -0.016696
   -0.004140    -0.012400
    0.000442    -0.008861
    0.004247    -0.005944
    0.007408    -0.003542
    0.010029    -0.001557
    0.012200     0.000087
    0.013996     0.001449
    0.015483     0.002578
    0.016714     0.003514
    0.017733     0.004288
