    324
    0.874010     0.030943
    0.873086     0.030987
    0.872132     0.031032
    0.871149     0.031076
    0.870134     0.031121
    0.869086     0.031168
    0.868006     0.031215
    0.866891     0.031263
    0.865741     0.031311
    0.864554     0.031358
    0.863329     0.031406
    0.862065     0.031454
    0.860762     0.031501
    0.859416     0.031547
    0.858028     0.031591
    0.856596     0.031633
    0.855119     0.031672
    0.853594     0.031710
    0.852020     0.031745
    0.850397     0.031777
    0.848723     0.031809
    0.846994     0.031839
    0.845212     0.031868
    0.843372     0.031895
    0.841474     0.031919
    0.839516     0.031942
    0.837496     0.031962
    0.835411     0.031979
    0.833260     0.031991
    0.831041     0.032001
    0.828752     0.032005
    0.826390     0.032007
    0.823953     0.032007
    0.821438     0.032007
    0.818844     0.032007
    0.816167     0.032007
    0.813406     0.032007
    0.810556     0.032007
    0.807617     0.032007
    0.804584     0.032007
    0.801455     0.032007
    0.798226     0.032007
    0.794895     0.032007
    0.791615     0.032007
    0.788386     0.032007
    0.785206     0.032007
    0.782075     0.032007
    0.778992     0.032007
    0.775956     0.032007
    0.772967     0.032007
    0.770024     0.032007
    0.767126     0.032007
    0.764272     0.032007
    0.761462     0.032007
    0.758696     0.032007
    0.755972     0.032007
    0.753289     0.032007
    0.750648     0.032007
    0.748048     0.032007
    0.745487     0.032007
    0.742966     0.032007
    0.740483     0.032007
    0.738039     0.032007
    0.735632     0.032007
    0.733262     0.032007
    0.730928     0.032007
    0.728630     0.032007
    0.726368     0.032007
    0.724140     0.032007
    0.721947     0.032007
    0.719787     0.032007
    0.717660     0.032007
    0.715566     0.032007
    0.713504     0.032007
    0.711474     0.032007
    0.709474     0.032007
    0.707506     0.032007
    0.705568     0.032007
    0.703659     0.032007
    0.701780     0.032007
    0.699930     0.032007
    0.699930     0.030059
    0.699930     0.028001
    0.699930     0.025825
    0.699930     0.023525
    0.699930     0.021094
    0.699930     0.018526
    0.699930     0.015811
    0.699930     0.012941
    0.699930     0.009909
    0.699930     0.006847
    0.699930     0.003921
    0.699930     0.001125
    0.699930    -0.001548
    0.699930    -0.004103
    0.699930    -0.006544
    0.699930    -0.008877
    0.699930    -0.011108
    0.699930    -0.013239
    0.699930    -0.015276
    0.699930    -0.017223
    0.698111    -0.017561
    0.696048    -0.017946
    0.693708    -0.018381
    0.691055    -0.018876
    0.688045    -0.019436
    0.684631    -0.020068
    0.680759    -0.020787
    0.676367    -0.021601
    0.671387    -0.022524
    0.665738    -0.023570
    0.659331    -0.024754
    0.652063    -0.026089
    0.643818    -0.027595
    0.634463    -0.029277
    0.623844    -0.031137
    0.611791    -0.033189
    0.598109    -0.035446
    0.582574    -0.037896
    0.564925    -0.040481
    0.544872    -0.043149
    0.522088    -0.045849
    0.496199    -0.048473
    0.466782    -0.050837
    0.433368    -0.052786
    0.395429    -0.054090
    0.352377    -0.054542
    0.314665    -0.054141
    0.281641    -0.053236
    0.252727    -0.052028
    0.227414    -0.050657
    0.205257    -0.049195
    0.185862    -0.047709
    0.168886    -0.046245
    0.154028    -0.044826
    0.141025    -0.043463
    0.129644    -0.042175
    0.119685    -0.040969
    0.110968    -0.039850
    0.103340    -0.038816
    0.096664    -0.037865
    0.090822    -0.036994
    0.085710    -0.036196
    0.081236    -0.035466
    0.077321    -0.034808
    0.073893    -0.034220
    0.070892    -0.033696
    0.068265    -0.033227
    0.065963    -0.032818
    0.063948    -0.032456
    0.062184    -0.032125
    0.060644    -0.031816
    0.059298    -0.031527
    0.058123    -0.031258
    0.057097    -0.031009
    0.056200    -0.030781
    0.055306    -0.030539
    0.054419    -0.030266
    0.053537    -0.029960
    0.052667    -0.029613
    0.051814    -0.029214
    0.050985    -0.028764
    0.050180    -0.028259
    0.049402    -0.027710
    0.048651    -0.027117
    0.047929    -0.026481
    0.047265    -0.025782
    0.046668    -0.025021
    0.046141    -0.024202
    0.045677    -0.023342
    0.045261    -0.022454
    0.044885    -0.021543
    0.044553    -0.020611
    0.044273    -0.019658
    0.044054    -0.018685
    0.043899    -0.017704
    0.043808    -0.016718
    0.043776    -0.015733
    0.043800    -0.014752
    0.043886    -0.013777
    0.044021    -0.012813
    0.044199    -0.011859
    0.044412    -0.010917
    0.044656    -0.009985
    0.044930    -0.009067
    0.045236    -0.008162
    0.045575    -0.007273
    0.045943    -0.006400
    0.046337    -0.005543
    0.046750    -0.004711
    0.047185    -0.003894
    0.047640    -0.003093
    0.048115    -0.002308
    0.048607    -0.001537
    0.049116    -0.000781
    0.049641    -0.000038
    0.050208     0.000728
    0.050823     0.001521
    0.051488     0.002340
    0.052206     0.003185
    0.052982     0.004058
    0.053817     0.004957
    0.054716     0.005884
    0.055683     0.006837
    0.056722     0.007818
    0.057837     0.008825
    0.059033     0.009860
    0.060313     0.010920
    0.061683     0.012007
    0.063146     0.013121
    0.064710     0.014262
    0.066377     0.015428
    0.068155     0.016620
    0.070049     0.017838
    0.072066     0.019079
    0.074213     0.020343
    0.076496     0.021630
    0.078921     0.022940
    0.081496     0.024272
    0.084229     0.025624
    0.087128     0.026996
    0.090202     0.028386
    0.093460     0.029793
    0.096911     0.031215
    0.100566     0.032648
    0.104433     0.034095
    0.108526     0.035549
    0.112856     0.037007
    0.117434     0.038469
    0.122273     0.039929
    0.127387     0.041381
    0.132790     0.042825
    0.138495     0.044254
    0.144523     0.045648
    0.150904     0.046921
    0.157666     0.047966
    0.164815     0.048817
    0.172349     0.049591
    0.180278     0.050349
    0.188621     0.051116
    0.197400     0.051891
    0.206637     0.052664
    0.216356     0.053433
    0.226583     0.054198
    0.237343     0.054955
    0.248664     0.055702
    0.260575     0.056434
    0.273106     0.057148
    0.286291     0.057840
    0.300161     0.058505
    0.314754     0.059138
    0.330105     0.059731
    0.346255     0.060277
    0.363245     0.060765
    0.381090     0.061187
    0.398880     0.061510
    0.412981     0.061690
    0.426370     0.061815
    0.441468     0.061904
    0.462134     0.061902
    0.482970     0.061773
    0.502840     0.061527
    0.521745     0.061183
    0.539730     0.060759
    0.556841     0.060263
    0.573119     0.059707
    0.588605     0.059104
    0.603337     0.058458
    0.617351     0.057779
    0.630682     0.057073
    0.643363     0.056344
    0.655427     0.055600
    0.666902     0.054844
    0.677817     0.054080
    0.688199     0.053311
    0.698076     0.052542
    0.707470     0.051774
    0.716406     0.051010
    0.724905     0.050252
    0.732989     0.049503
    0.740679     0.048765
    0.747994     0.048038
    0.754951     0.047324
    0.761569     0.046624
    0.767864     0.045940
    0.773851     0.045271
    0.779546     0.044618
    0.784963     0.043983
    0.790115     0.043365
    0.795016     0.042765
    0.799678     0.042182
    0.804112     0.041616
    0.808330     0.041068
    0.812342     0.040537
    0.816158     0.040024
    0.819788     0.039529
    0.823241     0.039053
    0.826527     0.038595
    0.829651     0.038153
    0.832624     0.037729
    0.835452     0.037322
    0.838141     0.036930
    0.840700     0.036552
    0.843134     0.036186
    0.845448     0.035831
    0.847649     0.035489
    0.849743     0.035158
    0.851735     0.034839
    0.853629     0.034531
    0.855430     0.034234
    0.857144     0.033948
    0.858773     0.033671
    0.860324     0.033406
    0.861798     0.033150
    0.863200     0.032904
    0.864534     0.032669
    0.865803     0.032443
    0.867010     0.032225
    0.868159     0.032018
    0.869251     0.031821
    0.870290     0.031631
    0.871279     0.031449
    0.872219     0.031276
    0.873114     0.031109

