    76
    1.127975    -0.145521
    1.125477    -0.143617
    1.122255    -0.140815
    1.117880    -0.137099
    1.111972    -0.132276
    1.104096    -0.126154
    1.093839    -0.118529
    1.080861    -0.109258
    1.064827    -0.098585
    1.045682    -0.087031
    1.023918    -0.075128
    1.000538    -0.063393
    0.977261    -0.052740
    0.957731    -0.044383
    0.941387    -0.037785
    0.927744    -0.032523
    0.916380    -0.028276
    0.906919    -0.024845
    0.899078    -0.021933
    0.892700    -0.019282
    0.887622    -0.016614
    0.883695    -0.013925
    0.880738    -0.011308
    0.878444    -0.008816
    0.876704    -0.006637
    0.875330    -0.004661
    0.874047    -0.002515
    0.872886    -0.000155
    0.872007     0.002467
    0.871553     0.005268
    0.871642     0.007981
    0.872128     0.010534
    0.873005     0.012858
    0.874296     0.014886
    0.876011     0.016841
    0.878232     0.018678
    0.881037     0.020220
    0.884481     0.021350
    0.888062     0.021931
    0.891687     0.022077
    0.895313     0.021954
    0.898924     0.021594
    0.902514     0.021061
    0.906135     0.020341
    0.909974     0.019423
    0.914037     0.018302
    0.918332     0.016965
    0.922865     0.015403
    0.927649     0.013624
    0.932687     0.011605
    0.937978     0.009319
    0.943531     0.006763
    0.949344     0.003916
    0.955423     0.000773
    0.961766    -0.002684
    0.968385    -0.006444
    0.975271    -0.010529
    0.982422    -0.014947
    0.989829    -0.019710
    0.997477    -0.024838
    1.005346    -0.030346
    1.013413    -0.036250
    1.021678    -0.042529
    1.030142    -0.049158
    1.038827    -0.056082
    1.047714    -0.063293
    1.056790    -0.070769
    1.065987    -0.078553
    1.075265    -0.086643
    1.084615    -0.095000
    1.093953    -0.103661
    1.103213    -0.112636
    1.112422    -0.121837
    1.121676    -0.131109
    1.130859    -0.140497
    1.129417    -0.143009
