80
0.000000 -0.000000
0.000771 0.004909
0.003083 0.009698
0.006932 0.014358
0.012312 0.018883
0.019215 0.023260
0.027630 0.027475
0.037545 0.031514
0.048943 0.035358
0.061809 0.038991
0.076120 0.042392
0.091857 0.045544
0.108993 0.048427
0.127504 0.051023
0.147360 0.053316
0.168530 0.055290
0.190983 0.056933
0.214683 0.058234
0.239594 0.059184
0.265677 0.059778
0.292893 0.060013
0.321199 0.059889
0.350552 0.059408
0.380906 0.058576
0.412215 0.057400
0.444430 0.055889
0.477501 0.054054
0.511379 0.051907
0.546010 0.049459
0.581340 0.046725
0.617317 0.043715
0.653883 0.040442
0.690983 0.036915
0.728560 0.033143
0.766555 0.029130
0.804910 0.024881
0.843566 0.020396
0.882463 0.015673
0.921541 0.010705
0.960740 0.005485
1.000000 0.000000
0.960740 -0.005485
0.921541 -0.010705
0.882463 -0.015673
0.843566 -0.020396
0.804910 -0.024881
0.766555 -0.029130
0.728560 -0.033143
0.690983 -0.036915
0.653883 -0.040442
0.617317 -0.043715
0.581340 -0.046725
0.546010 -0.049459
0.511379 -0.051907
0.477501 -0.054054
0.444430 -0.055889
0.412215 -0.057400
0.380906 -0.058576
0.350552 -0.059408
0.321199 -0.059889
0.292893 -0.060013
0.265677 -0.059778
0.239594 -0.059184
0.214683 -0.058234
0.190983 -0.056933
0.168530 -0.055290
0.147360 -0.053316
0.127504 -0.051023
0.108993 -0.048427
0.091857 -0.045544
0.076120 -0.042392
0.061809 -0.038991
0.048943 -0.035358
0.037545 -0.031514
0.027630 -0.027475
0.019215 -0.023260
0.012312 -0.018883
0.006932 -0.014358
0.003083 -0.009698
0.000771 -0.004909
