280 2
 200
-2.000000 -2.500000 0.100000
-1.900000 -2.500000 0.100000
-1.800000 -2.500000 0.100000
-1.700000 -2.500000 0.100000
-1.600000 -2.500000 0.100000
-1.500000 -2.500000 0.100000
-1.400000 -2.500000 0.100000
-1.300000 -2.500000 0.100000
-1.200000 -2.500000 0.100000
-1.100000 -2.500000 0.100000
-0.999999 -2.500000 0.100000
-0.899999 -2.500000 0.100000
-0.799999 -2.500000 0.100000
-0.699999 -2.500000 0.100000
-0.599999 -2.500000 0.100000
-0.499999 -2.500000 0.100000
-0.399999 -2.500000 0.100000
-0.300000 -2.500000 0.100000
-0.199999 -2.500000 0.100000
-0.099999 -2.500000 0.100000
0.000000 -2.500000 0.100000
0.100000 -2.500000 0.100000
0.200000 -2.500000 0.100000
0.300000 -2.500000 0.100000
0.400000 -2.500000 0.100000
0.500001 -2.500000 0.100000
0.600001 -2.500000 0.100000
0.700000 -2.500000 0.100000
0.800000 -2.500000 0.100000
0.900001 -2.500000 0.100000
1.000000 -2.500000 0.100000
1.100000 -2.500000 0.100000
1.200001 -2.500000 0.100000
1.300000 -2.500000 0.100000
1.400000 -2.500000 0.100000
1.500000 -2.500000 0.100000
1.600000 -2.500000 0.100000
1.700000 -2.500000 0.100000
1.800000 -2.500000 0.100000
1.900000 -2.500000 0.100000
2.000000 -2.500000 0.100000
2.100000 -2.500000 0.100000
2.200001 -2.500000 0.100000
2.300001 -2.500000 0.100000
2.400001 -2.500000 0.100000
2.500000 -2.500000 0.100000
2.600001 -2.500000 0.100000
2.700001 -2.500000 0.100000
2.800001 -2.500000 0.100000
2.900001 -2.500000 0.100000
3.000000 -2.500000 0.100000
3.000000 -2.400000 0.100000
3.000000 -2.300000 0.100000
3.000000 -2.200000 0.100000
3.000000 -2.100000 0.100000
3.000000 -2.000000 0.100000
3.000000 -1.900000 0.100000
3.000000 -1.800000 0.100000
3.000000 -1.700000 0.100000
3.000000 -1.600000 0.100000
3.000000 -1.500000 0.100000
3.000000 -1.399999 0.100000
3.000000 -1.299999 0.100000
3.000000 -1.199999 0.100000
3.000000 -1.099999 0.100000
3.000000 -0.999999 0.100000
3.000000 -0.899999 0.100000
3.000000 -0.800000 0.100000
3.000000 -0.699999 0.100000
3.000000 -0.599999 0.100000
3.000000 -0.500000 0.100000
3.000000 -0.400000 0.100000
3.000000 -0.299999 0.100000
3.000000 -0.200000 0.100000
3.000000 -0.100000 0.100000
3.000000 0.000001 0.100000
3.000000 0.100001 0.100000
3.000000 0.200000 0.100000
3.000000 0.300000 0.100000
3.000000 0.400001 0.100000
3.000000 0.500000 0.100000
3.000000 0.600000 0.100000
3.000000 0.700000 0.100000
3.000000 0.800000 0.100000
3.000000 0.900000 0.100000
3.000000 1.000000 0.100000
3.000000 1.100000 0.100000
3.000000 1.200000 0.100000
3.000000 1.300000 0.100000
3.000000 1.400000 0.100000
3.000000 1.500000 0.100000
3.000000 1.600000 0.100000
3.000000 1.700001 0.100000
3.000000 1.800001 0.100000
3.000000 1.900001 0.100000
3.000000 2.000000 0.100000
3.000000 2.100001 0.100000
3.000000 2.200001 0.100000
3.000000 2.300001 0.100000
3.000000 2.400001 0.100000
3.000000 2.500000 0.100000
2.900000 2.500000 0.100000
2.800000 2.500000 0.100000
2.700000 2.500000 0.100000
2.600000 2.500000 0.100000
2.500000 2.500000 0.100000
2.400000 2.500000 0.100000
2.299999 2.500000 0.100000
2.200000 2.500000 0.100000
2.100000 2.500000 0.100000
2.000000 2.500000 0.100000
1.899999 2.500000 0.100000
1.799999 2.500000 0.100000
1.699999 2.500000 0.100000
1.599999 2.500000 0.100000
1.499999 2.500000 0.100000
1.399999 2.500000 0.100000
1.299999 2.500000 0.100000
1.199999 2.500000 0.100000
1.099999 2.500000 0.100000
1.000000 2.500000 0.100000
0.900000 2.500000 0.100000
0.799999 2.500000 0.100000
0.700000 2.500000 0.100000
0.600000 2.500000 0.100000
0.499999 2.500000 0.100000
0.399999 2.500000 0.100000
0.300000 2.500000 0.100000
0.200000 2.500000 0.100000
0.099999 2.500000 0.100000
-0.000000 2.500000 0.100000
-0.100000 2.500000 0.100000
-0.200000 2.500000 0.100000
-0.300000 2.500000 0.100000
-0.400000 2.500000 0.100000
-0.500000 2.500000 0.100000
-0.600000 2.500000 0.100000
-0.700000 2.500000 0.100000
-0.800000 2.500000 0.100000
-0.900000 2.500000 0.100000
-1.000000 2.500000 0.100000
-1.100000 2.500000 0.100000
-1.200001 2.500000 0.100000
-1.300001 2.500000 0.100000
-1.400001 2.500000 0.100000
-1.500001 2.500000 0.100000
-1.600001 2.500000 0.100000
-1.700001 2.500000 0.100000
-1.800001 2.500000 0.100000
-1.900001 2.500000 0.100000
-2.000000 2.500000 0.100000
-2.000000 2.400000 0.100000
-2.000000 2.300000 0.100000
-2.000000 2.200000 0.100000
-2.000000 2.100000 0.100000
-2.000000 2.000000 0.100000
-2.000000 1.900000 0.100000
-2.000000 1.800000 0.100000
-2.000000 1.700000 0.100000
-2.000000 1.600000 0.100000
-2.000000 1.500000 0.100000
-2.000000 1.399999 0.100000
-2.000000 1.299999 0.100000
-2.000000 1.199999 0.100000
-2.000000 1.099999 0.100000
-2.000000 0.999999 0.100000
-2.000000 0.899999 0.100000
-2.000000 0.800000 0.100000
-2.000000 0.699999 0.100000
-2.000000 0.599999 0.100000
-2.000000 0.500000 0.100000
-2.000000 0.400000 0.100000
-2.000000 0.299999 0.100000
-2.000000 0.200000 0.100000
-2.000000 0.100000 0.100000
-2.000000 -0.000001 0.100000
-2.000000 -0.100001 0.100000
-2.000000 -0.200000 0.100000
-2.000000 -0.300000 0.100000
-2.000000 -0.400001 0.100000
-2.000000 -0.500000 0.100000
-2.000000 -0.600000 0.100000
-2.000000 -0.700000 0.100000
-2.000000 -0.800000 0.100000
-2.000000 -0.900000 0.100000
-2.000000 -1.000000 0.100000
-2.000000 -1.100000 0.100000
-2.000000 -1.200000 0.100000
-2.000000 -1.300000 0.100000
-2.000000 -1.400000 0.100000
-2.000000 -1.500000 0.100000
-2.000000 -1.600000 0.100000
-2.000000 -1.700001 0.100000
-2.000000 -1.800001 0.100000
-2.000000 -1.900001 0.100000
-2.000000 -2.000000 0.100000
-2.000000 -2.100001 0.100000
-2.000000 -2.200001 0.100000
-2.000000 -2.300001 0.100000
-2.000000 -2.400001 0.100000
0.000000 0.000000 0.002485
0.000771 0.004909 0.002659
0.003083 0.009698 0.003022
0.006932 0.014358 0.003515
0.012312 0.018883 0.004087
0.019215 0.023260 0.004706
0.027630 0.027475 0.005353
0.037545 0.031514 0.006014
0.048943 0.035358 0.006685
0.061809 0.038991 0.007355
0.076120 0.042392 0.008025
0.091857 0.045544 0.008688
0.108993 0.048427 0.009346
0.127504 0.051023 0.009994
0.147360 0.053316 0.010631
0.168530 0.055290 0.011257
0.190983 0.056933 0.011868
0.214683 0.058234 0.012465
0.239594 0.059184 0.013045
0.265677 0.059778 0.013609
0.292893 0.060013 0.014153
0.321199 0.059889 0.014678
0.350552 0.059408 0.015183
0.380906 0.058576 0.015666
0.412215 0.057400 0.016125
0.444430 0.055889 0.016561
0.477501 0.054054 0.016973
0.511379 0.051907 0.017359
0.546010 0.049459 0.017718
0.581340 0.046725 0.018051
0.617317 0.043715 0.018356
0.653883 0.040442 0.018634
0.690983 0.036915 0.018883
0.728560 0.033143 0.019103
0.766555 0.029130 0.019295
0.804910 0.024881 0.019458
0.843566 0.020396 0.019591
0.882463 0.015673 0.019696
0.921541 0.010705 0.019773
0.960740 0.005485 0.019821
1.000000 0.000000 0.019821
0.960740 -0.005485 0.019773
0.921541 -0.010705 0.019696
0.882463 -0.015673 0.019591
0.843566 -0.020396 0.019458
0.804910 -0.024881 0.019295
0.766555 -0.029130 0.019103
0.728560 -0.033143 0.018883
0.690983 -0.036915 0.018634
0.653883 -0.040442 0.018356
0.617317 -0.043715 0.018051
0.581340 -0.046725 0.017718
0.546010 -0.049459 0.017359
0.511379 -0.051907 0.016973
0.477501 -0.054054 0.016561
0.444430 -0.055889 0.016125
0.412215 -0.057400 0.015666
0.380906 -0.058576 0.015183
0.350552 -0.059408 0.014678
0.321199 -0.059889 0.014153
0.292893 -0.060013 0.013609
0.265677 -0.059778 0.013045
0.239594 -0.059184 0.012465
0.214683 -0.058234 0.011868
0.190983 -0.056933 0.011257
0.168530 -0.055290 0.010631
0.147360 -0.053316 0.009994
0.127504 -0.051023 0.009346
0.108993 -0.048427 0.008688
0.091857 -0.045544 0.008025
0.076120 -0.042392 0.007355
0.061809 -0.038991 0.006685
0.048943 -0.035358 0.006014
0.037545 -0.031514 0.005353
0.027630 -0.027475 0.004706
0.019215 -0.023260 0.004087
0.012312 -0.018883 0.003515
0.006932 -0.014358 0.003022
0.003083 -0.009698 0.002659
0.000771 -0.004909 0.002659
